5
320
70 33 78
71 82 16
15 16 60
95 86 69
32 83 38
55 10 66
16 37 57
6 43 21
56 98 84
60 9 59
37 33 1
83 10 6
7 4 18
60 86 57
22 80 17
55 19 16
54 8 0
3 61 12
19 24 83
59 11 38
29 22 44
43 90 52
57 67 45
29 86 92
3 66 47
7 40 66
48 13 26
24 98 78
54 95 69
39 65 34
17 66 24
73 52 6
94 34 91
45 6 56
3 42 63
71 84 70
47 68 52
74 83 62
9 74 89
27 31 87
23 54 22
32 50 65
38 16 62
50 89 91
18 84 94
35 16 37
7 70 91
73 72 72
44 12 19
0 8 79
2 60 64
74 54 51
11 0 21
82 3 89
94 56 55
5 24 20
19 42 14
88 26 30
63 95 70
6 58 1
60 76 79
52 70 61
5 85 57
86 6 70
71 96 55
21 34 14
92 91 43
44 19 98
9 33 8
32 43 15
78 32 93
83 85 59
97 55 74
61 96 4
84 95 23
55 57 45
81 98 34
45 68 17
93 55 90
25 92 90
75 82 38
10 59 95
57 93 78
17 36 4
83 0 86
96 76 6
18 33 75
32 77 8
81 58 75
37 85 96
65 75 41
0 32 22
58 84 92
78 72 82
19 4 77
67 74 3
24 75 7
50 91 55
53 49 71
34 18 15
50 27 40
52 14 9
34 76 48
40 53 29
21 37 28
57 97 17
22 18 2
94 16 19
15 84 2
41 18 26
82 42 98
91 98 2
76 55 21
87 34 60
65 33 91
68 59 26
48 39 75
43 100 69
98 78 70
80 33 27
73 52 13
47 86 20
77 51 47
43 52 79
68 89 64
79 70 58
1 11 100
98 65 39
55 88 12
97 50 68
66 98 21
76 44 1
92 25 43
95 61 73
75 30 17
60 69 68
17 73 93
37 8 61
20 27 21
36 42 98
83 50 94
54 6 97
35 95 23
77 18 76
89 59 20
37 38 55
32 6 86
49 81 31
49 91 15
28 73 86
89 14 55
32 66 18
65 42 58
70 49 26
26 53 80
12 19 81
93 48 44
13 39 79
31 80 83
95 93 79
24 29 92
72 0 10
45 39 59
39 61 79
84 83 31
41 99 42
43 32 42
60 54 98
24 93 88
73 91 28
54 31 59
76 50 32
69 87 8
54 73 97
28 24 58
90 85 14
3 69 84
31 11 15
67 52 22
78 30 66
84 25 27
25 38 2
75 82 43
97 5 100
62 48 34
43 93 53
20 94 5
83 94 23
99 16 16
3 73 2
33 68 93
92 97 73
52 11 37
0 22 67
82 59 18
43 50 88
55 100 31
69 57 86
6 9 91
84 79 4
9 50 1
39 92 57
61 89 56
20 87 34
40 41 72
88 3 40
34 10 29
28 23 46
45 65 91
52 49 60
73 10 31
72 95 61
2 11 79
0 100 69
67 79 100
41 49 41
13 39 84
36 30 63
59 8 70
73 5 66
96 44 0
23 66 45
46 67 6
76 30 39
91 69 55
55 97 35
19 34 16
96 73 23
48 27 28
33 55 78
3 76 55
32 52 71
75 16 84
85 30 37
2 38 85
57 66 18
30 41 98
85 46 90
25 24 63
96 80 35
65 16 17
71 99 20
16 71 35
44 85 80
6 0 4
56 94 26
17 5 100
23 58 80
87 74 59
60 99 89
18 38 86
6 84 35
0 83 65
70 59 72
92 95 25
31 4 89
67 51 52
34 54 37
90 9 24
66 23 42
99 18 31
73 16 25
17 31 95
100 59 1
84 96 51
0 8 0
86 98 79
21 3 57
55 29 51
10 93 56
5 7 37
31 8 38
50 28 71
46 4 54
86 15 14
53 59 12
97 0 44
64 28 5
53 64 45
5 57 0
82 59 86
43 4 46
39 81 5
87 87 60
70 7 58
19 97 81
80 17 32
40 45 55
39 31 62
26 93 52
51 79 32
1 34 1
97 49 54
59 67 40
58 34 64
82 78 81
41 97 78
93 92 63
56 67 74
6 86 37
0 14 19
66 84 39
3 16 97
86 40 81
46 9 56
8 20 89
88 80 41
90 59 97
81 59 29
86 3 99
10 84 31
73 33 46
26 93 46
71 92 93
28 80 48
75 87 16
29 78 17
88 71 75
3 12 36
11 0 67
376
53 77 91
93 55 64
2 5 99
42 16 85
10 90 33
34 82 5
60 31 55
92 1 17
64 55 71
45 63 7
26 7 89
56 47 99
35 52 78
17 31 75
52 12 70
99 81 0
17 49 89
53 64 69
8 2 66
24 27 63
78 14 22
20 33 0
39 7 82
97 74 70
21 94 33
71 38 38
18 72 68
54 64 98
50 32 23
32 48 70
62 26 37
71 32 66
42 12 31
48 63 24
49 40 11
7 76 59
86 68 99
94 1 86
98 41 53
50 7 23
44 85 59
40 100 98
89 8 42
85 80 29
41 62 66
97 86 66
20 79 30
55 36 97
100 96 80
93 100 65
22 31 13
69 14 47
43 59 41
85 26 89
53 18 11
5 99 80
37 36 31
79 81 74
46 33 24
90 38 92
23 71 58
33 43 30
62 59 7
89 83 9
13 90 25
42 89 67
84 7 75
94 10 11
50 20 12
82 40 48
25 82 48
52 95 79
76 97 83
22 8 49
22 80 81
43 96 18
62 14 14
70 89 3
51 29 28
50 69 44
49 45 71
9 32 17
25 51 79
16 70 43
38 1 15
61 100 99
28 21 15
99 27 34
24 99 14
92 24 46
61 6 22
4 59 24
7 91 46
62 92 32
9 30 96
23 43 43
84 39 51
76 2 59
91 97 69
31 56 0
68 92 82
77 43 15
35 35 13
99 82 45
89 21 25
83 23 61
90 54 32
86 3 62
88 19 59
31 18 73
66 65 49
39 50 89
10 27 43
41 21 91
88 60 34
8 63 72
45 74 28
90 66 93
60 10 10
60 60 38
72 32 2
93 61 0
75 57 14
14 91 44
23 32 92
91 87 100
6 46 0
36 74 84
65 66 89
39 85 74
65 41 35
68 75 55
65 100 36
66 92 11
93 49 15
47 80 45
17 3 30
26 64 24
59 25 47
99 26 38
89 13 61
92 0 72
57 54 48
89 17 34
16 61 76
64 85 85
41 28 10
41 23 24
0 53 15
98 30 68
57 91 75
12 51 19
58 31 17
65 66 77
58 52 19
72 58 44
78 38 21
54 44 5
79 8 79
24 48 8
71 85 33
36 59 51
37 81 37
64 61 97
46 29 0
33 69 27
96 58 66
28 26 6
86 1 99
40 16 25
37 35 37
64 0 49
90 79 71
54 22 72
61 17 37
84 60 30
92 49 66
68 33 48
75 61 40
38 95 40
8 42 76
33 12 1
29 76 79
14 73 1
40 73 38
99 95 90
95 4 27
62 43 79
89 30 89
64 82 15
88 29 67
33 44 100
4 28 81
97 56 35
21 53 56
38 39 58
74 55 22
15 7 15
22 15 69
97 92 86
10 0 46
79 38 70
54 83 47
66 99 64
14 33 54
19 47 99
89 73 11
16 33 74
66 5 81
32 66 65
80 35 82
81 66 60
59 93 4
73 43 86
4 64 94
70 54 94
6 82 5
10 3 64
4 45 64
66 87 60
54 82 93
30 79 61
78 47 16
89 64 82
7 84 1
43 24 63
77 91 5
33 32 10
37 3 86
47 28 7
46 60 76
39 86 73
66 88 34
77 54 26
63 59 84
100 29 92
71 90 78
54 88 94
49 34 90
100 29 35
58 4 77
54 90 68
17 46 7
7 41 16
40 90 75
12 81 71
8 62 74
65 15 35
8 63 14
69 89 41
44 93 33
97 44 23
76 86 59
56 50 48
25 50 1
5 46 98
79 8 51
53 35 37
77 97 48
96 24 38
5 21 99
24 91 27
95 83 88
96 85 33
8 17 39
8 59 42
67 70 29
78 37 64
20 50 80
53 59 66
56 82 5
11 20 61
93 77 68
63 100 56
85 36 70
84 83 69
77 10 100
35 6 18
85 44 41
78 14 0
2 23 65
84 100 76
49 71 13
6 59 41
92 41 48
1 87 81
81 24 14
94 52 68
98 77 59
99 87 36
86 63 38
99 0 75
49 16 17
34 68 78
23 98 47
37 71 48
40 4 95
1 75 44
48 10 74
67 81 83
22 40 89
42 11 85
81 35 59
23 27 12
70 37 86
59 27 90
14 50 23
76 10 44
10 71 11
100 62 63
78 8 75
77 88 66
5 39 71
14 16 82
95 5 15
62 4 11
54 26 47
89 54 2
5 39 67
99 83 28
14 17 55
22 47 89
7 30 76
71 4 52
78 9 69
66 13 23
22 89 83
18 93 44
21 91 82
80 33 64
59 37 52
20 33 43
63 91 16
25 43 76
65 81 23
65 40 100
54 42 73
24 75 66
79 34 27
77 92 5
50 76 40
69 24 52
90 23 50
9 55 53
57 47 47
46 39 50
76 24 87
17 100 59
26 68 89
14 53 92
53 12 45
99 28 73
46 87 30
88 39 88
66 98 66
55 50 98
55 93 25
23 83 39
9 76 90
52 82 52
38 59 65
91 96 69
54 95 92
33 69 38
98 24 51
21 13 4
42 75 96
80 28 34
42 79 64
65 58 1
57 39 19
81 20 86
28 22 35
78 73 92
40 49 40
88 12 1
583
7 83 78
29 67 40
2 77 67
74 72 11
15 77 6
17 63 91
6 58 81
5 30 71
99 30 85
26 5 82
8 49 54
100 6 75
69 29 2
23 59 31
36 91 18
59 50 48
80 85 93
91 5 57
45 66 27
22 12 65
87 64 38
1 25 70
10 40 12
54 87 33
44 64 10
16 22 37
7 42 65
36 0 95
90 41 37
79 99 34
59 45 30
52 39 78
83 96 98
84 53 1
76 40 18
65 82 69
80 48 68
42 77 57
32 72 38
10 47 55
24 63 42
82 60 39
71 11 51
70 10 51
90 1 44
75 43 81
53 63 45
28 31 28
20 9 96
15 69 30
96 40 85
30 36 45
72 18 45
4 60 98
61 95 47
60 5 21
97 35 17
61 42 87
36 27 95
80 86 78
2 72 75
62 19 7
9 91 18
89 55 31
63 47 11
0 65 9
82 9 25
21 84 28
95 79 32
13 77 79
71 93 42
18 11 16
5 91 55
39 8 30
34 88 17
39 54 15
99 72 50
91 66 35
7 67 11
28 21 7
79 65 9
94 91 57
1 28 99
97 34 28
23 45 12
42 61 45
70 7 56
11 25 46
5 89 78
25 45 97
88 68 76
22 7 65
22 87 67
31 1 97
91 16 12
74 84 31
80 17 1
17 65 53
91 22 65
94 69 100
87 80 53
9 51 56
27 23 70
57 64 75
55 80 45
81 28 3
41 60 23
43 77 66
75 20 24
38 2 78
19 77 60
11 7 73
51 82 37
5 92 26
20 46 33
77 37 33
48 23 15
49 21 78
3 64 95
69 0 36
10 59 54
3 86 94
66 80 56
20 52 9
46 73 88
88 61 96
50 29 8
95 62 10
51 83 46
83 35 41
47 18 88
93 28 50
15 32 11
54 71 91
87 10 64
17 100 27
84 26 14
78 58 66
61 46 68
31 73 28
46 37 60
65 99 2
48 46 96
89 34 0
61 89 62
14 32 97
11 89 10
37 77 31
17 59 17
52 21 88
55 53 64
29 57 72
68 73 31
69 19 44
10 37 57
48 45 65
64 50 64
94 14 47
74 20 7
8 74 37
51 99 67
59 10 35
85 16 45
30 46 74
48 63 81
20 8 27
61 7 30
30 62 19
32 42 45
95 75 39
86 22 34
45 29 38
63 32 23
32 70 78
3 90 2
42 82 49
77 32 81
95 61 49
96 11 66
2 33 94
25 91 43
13 83 46
10 43 58
53 69 78
32 14 78
9 29 78
47 63 23
37 82 66
55 65 76
0 21 17
85 35 33
18 65 25
12 44 92
92 57 6
96 40 57
46 87 45
75 25 79
70 51 53
85 42 81
62 99 57
42 97 90
9 76 78
34 1 63
6 47 74
24 85 15
15 91 2
96 42 58
87 0 34
49 72 27
60 9 14
82 62 5
45 44 75
11 84 19
98 68 61
10 17 50
56 99 28
42 95 86
94 9 90
21 15 48
77 81 91
37 11 12
39 83 21
3 2 1
10 22 94
92 91 59
37 24 31
63 15 57
69 28 83
75 52 28
15 9 77
76 52 19
58 15 82
79 18 67
58 20 32
4 42 66
29 20 11
65 95 39
38 2 6
98 12 59
63 77 78
45 15 46
69 67 2
84 77 49
7 84 97
11 96 75
61 70 32
34 39 5
17 83 30
94 16 71
91 46 71
50 99 48
17 85 40
19 54 92
1 71 31
60 64 77
93 42 97
6 93 34
35 19 56
30 91 96
41 85 58
67 69 66
15 99 88
62 72 73
47 51 81
69 36 48
69 34 75
21 51 53
41 53 52
69 100 56
47 51 61
9 76 80
19 11 65
31 25 33
16 36 94
73 86 17
91 6 95
80 6 29
64 81 74
87 29 25
66 90 96
40 37 32
66 87 78
42 21 98
51 75 16
91 46 62
81 15 34
37 31 47
12 74 34
85 94 18
26 19 60
100 88 34
9 40 84
28 81 64
18 3 24
80 21 16
91 62 33
49 9 59
15 4 17
32 26 77
15 92 67
97 60 76
16 8 55
13 91 91
100 38 11
42 38 85
55 79 26
12 32 15
41 81 30
80 49 20
46 78 0
97 47 15
43 49 27
49 32 92
38 45 30
64 85 88
57 46 61
86 68 6
97 16 63
58 40 2
6 6 55
72 39 83
31 3 5
49 51 4
34 58 12
46 62 8
78 64 93
50 16 74
77 49 67
30 72 62
66 41 92
12 71 20
52 90 9
4 87 66
30 1 35
15 73 94
9 65 11
29 79 46
32 36 40
81 86 90
19 10 79
51 63 71
62 22 89
73 97 4
96 36 33
58 91 41
43 27 32
74 22 77
90 84 83
35 35 10
80 44 20
11 40 73
38 97 100
24 1 21
98 88 91
88 41 86
34 85 10
15 49 22
25 50 33
59 29 92
99 75 55
21 42 45
46 46 38
70 77 51
42 98 91
24 42 29
3 31 50
45 5 85
37 88 95
13 43 30
84 99 36
45 17 73
59 26 9
39 40 69
2 77 82
95 18 70
37 85 54
76 34 65
97 31 77
89 86 38
88 43 48
1 0 61
0 26 57
26 64 63
94 80 67
13 44 68
86 67 50
12 38 94
30 34 11
64 30 39
9 73 73
3 72 66
3 90 19
2 26 22
5 70 95
30 72 47
3 76 45
53 27 40
14 8 6
15 55 95
81 64 62
16 28 64
95 79 25
77 44 55
70 82 20
56 96 0
92 75 15
20 80 12
18 33 80
9 68 4
39 60 39
27 48 46
78 93 6
74 40 50
74 92 94
41 99 87
65 21 79
23 57 67
26 41 41
69 87 46
0 0 19
56 89 57
58 87 23
92 98 25
44 49 73
80 62 75
8 42 17
51 89 48
43 68 78
7 51 62
59 49 25
62 45 3
88 26 81
88 49 22
96 38 71
7 78 24
99 13 21
17 81 0
71 17 39
92 49 92
82 52 1
39 45 94
69 70 77
12 0 58
61 49 75
12 79 72
50 8 40
35 14 20
55 76 17
11 63 100
74 33 61
3 76 18
40 48 64
4 46 49
1 31 72
40 56 37
86 67 20
63 71 77
42 29 16
7 62 16
39 53 63
97 28 63
69 93 31
47 36 57
41 51 93
88 62 95
54 30 100
58 32 100
87 24 19
78 83 95
3 53 61
74 88 93
39 86 93
2 17 36
53 93 24
14 10 32
36 0 84
75 10 65
98 90 91
7 96 62
2 30 13
33 11 17
98 71 39
81 31 13
89 33 45
1 57 3
3 30 3
63 98 17
43 2 69
16 50 73
23 100 54
19 62 6
15 68 1
68 100 56
21 50 6
56 90 77
6 78 2
25 41 50
51 0 47
7 98 67
30 0 93
25 58 93
27 12 2
43 2 49
38 67 41
61 67 60
42 23 53
49 95 98
64 99 91
52 65 32
17 19 71
87 94 73
98 59 74
28 13 64
91 4 89
41 80 89
57 26 30
31 47 70
48 64 65
13 9 58
7 20 75
32 40 75
23 3 69
11 7 66
9 98 6
58 28 72
42 20 92
57 50 78
16 17 90
45 75 82
94 17 46
40 85 13
97 8 42
38 69 11
100 85 33
27 36 27
19 90 11
81 64 29
54 66 73
47 27 41
4 81 76
86 52 18
3 49 23
81 43 7
98 55 81
81 65 27
16 33 45
53 43 75
58 20 1
70 31 30
38 29 2
81 93 3
56 86 71
16 54 87
94 71 83
10 63 31
19 85 14
53 84 29
48 99 86
42 73 66
50 28 12
97 40 65
2 98 48
29 37 43
88 82 100
33 85 11
83 70 37
68 4 90
91 37 76
52 93 79
20 100 16
31 21 61
36 64 37
36 75 74
38 35 61
8 36 24
93 42 80
2 93 13
7 49 93
64 89 2
6 48 21
29 6 82
39 78 81
11 5 75
273
56 7 90
92 73 2
33 40 89
85 21 0
52 35 62
89 52 61
24 45 84
53 29 69
29 31 97
98 88 22
7 14 63
31 40 89
81 3 75
74 28 31
86 97 26
33 18 52
7 95 66
42 9 43
43 52 25
22 41 48
90 36 74
59 37 24
57 86 85
88 51 2
20 34 3
68 16 23
77 42 35
73 30 88
65 66 14
65 69 5
89 18 89
56 41 56
59 13 71
98 43 99
62 34 23
20 59 10
59 89 99
17 21 79
95 31 24
29 58 16
15 99 63
42 88 68
33 46 77
64 21 30
58 67 50
37 59 1
3 71 51
76 13 43
91 34 87
69 18 48
60 88 14
92 54 66
66 65 87
69 77 85
55 71 92
87 74 93
48 42 36
20 80 34
80 81 77
60 71 78
40 81 63
62 84 84
100 39 76
40 10 26
58 79 8
74 9 28
61 85 49
35 34 21
91 79 43
81 54 18
46 16 29
80 22 69
10 15 43
83 57 68
12 77 54
7 100 57
23 25 52
56 1 42
82 4 22
53 44 67
78 81 2
78 69 88
53 7 29
70 39 52
100 82 86
92 84 0
36 34 92
42 2 8
0 50 84
50 27 81
57 92 100
47 11 80
93 95 8
94 20 24
59 37 6
94 67 48
74 70 64
84 32 37
27 44 49
58 96 6
46 76 94
54 38 73
60 91 3
94 72 29
26 15 39
100 71 31
75 80 36
84 32 5
22 28 6
37 46 94
64 70 82
56 69 79
65 95 34
31 95 15
14 35 90
1 23 3
48 59 75
20 17 48
56 68 16
24 40 65
89 50 70
48 83 30
66 68 76
77 49 42
52 91 16
89 88 13
32 39 37
76 57 22
76 14 13
45 42 68
93 48 95
36 18 12
58 10 71
20 51 40
31 75 75
88 62 36
83 50 81
18 41 37
71 94 10
72 47 36
71 8 22
36 98 99
34 30 3
46 96 100
5 28 55
62 66 33
16 61 45
79 74 91
66 96 91
46 86 35
6 62 80
39 35 69
78 26 60
33 78 74
21 20 10
100 86 27
18 79 92
15 87 39
98 56 63
47 37 61
92 76 31
37 93 47
27 11 75
6 80 17
86 50 32
63 31 9
26 77 85
45 81 65
41 49 42
66 47 22
12 53 12
34 86 14
34 9 9
19 63 79
77 63 89
52 68 59
45 53 70
38 77 35
80 24 68
29 76 83
74 14 21
78 88 89
38 11 76
6 18 20
42 68 6
54 99 60
9 4 23
55 47 46
84 39 97
64 7 82
4 87 49
50 82 68
51 19 79
97 64 56
47 86 80
98 81 27
71 60 24
36 49 18
79 90 23
67 55 27
68 91 24
43 94 60
37 82 92
31 61 6
63 89 48
59 84 29
36 16 78
29 65 81
87 62 67
65 48 48
61 45 98
84 82 7
18 53 34
82 50 55
46 25 22
3 55 29
40 40 59
89 68 20
83 34 82
72 73 77
67 76 51
20 10 70
0 3 38
54 88 87
19 46 72
62 15 72
48 1 92
86 70 50
78 4 46
97 49 6
70 37 38
30 2 1
47 99 42
49 68 24
72 18 90
63 27 49
28 87 33
37 76 68
81 72 5
46 1 10
82 90 48
70 23 29
52 66 83
62 15 97
29 72 86
70 63 55
21 70 51
0 16 58
52 83 85
19 35 98
89 50 1
30 6 2
97 6 90
34 51 78
64 23 43
96 88 81
32 18 27
29 77 15
31 85 51
39 78 51
85 46 28
90 64 36
20 75 57
74 78 75
92 46 68
44 24 86
92 47 50
43 82 71
45 11 70
44 40 58
37 81 19
54 41 3
84 10 60
966
86 90 94
81 44 35
0 8 56
48 85 37
2 18 87
15 43 25
94 45 100
1 75 39
74 4 20
28 66 99
28 64 41
18 26 51
39 15 26
34 59 13
63 8 17
31 4 69
71 91 20
71 0 72
94 57 63
27 28 57
88 44 36
42 44 15
24 85 79
51 45 46
54 69 98
34 18 52
66 24 21
85 84 36
30 25 46
68 73 59
27 52 48
87 45 86
72 68 62
94 90 63
91 33 79
83 59 1
81 5 4
47 91 19
30 56 53
61 66 33
81 80 7
12 85 7
7 60 93
82 13 52
78 54 94
70 61 95
87 98 3
72 92 93
75 25 32
1 75 59
74 93 64
51 61 62
3 87 10
11 34 87
25 78 30
26 72 74
75 56 93
72 44 44
89 54 33
54 7 6
10 72 76
33 50 50
5 85 35
99 35 67
71 69 12
14 49 67
37 35 10
0 89 29
64 53 38
49 11 61
58 4 100
74 77 57
35 32 59
52 92 64
40 47 23
66 93 99
27 41 25
78 92 74
12 79 24
89 30 74
62 5 29
42 22 99
23 57 40
57 68 7
53 38 91
82 85 46
52 79 71
17 76 20
71 81 60
41 38 6
33 75 93
37 93 28
37 61 80
61 68 74
91 9 94
93 29 8
25 27 49
64 23 45
63 90 21
30 42 0
14 47 21
66 62 86
35 14 2
88 30 81
86 38 89
6 100 23
36 86 76
33 99 19
53 86 99
66 33 66
83 37 72
5 93 99
72 53 100
82 40 91
26 93 5
39 93 16
38 96 39
100 80 19
72 26 40
86 29 64
53 78 75
51 84 62
36 3 85
19 0 54
71 34 10
37 0 13
2 16 46
87 44 40
17 89 69
11 15 44
5 64 20
93 71 41
5 62 90
59 66 12
65 18 53
11 16 64
74 45 33
87 51 1
63 50 72
50 45 4
8 89 1
43 34 9
36 66 27
11 24 1
71 50 36
58 26 84
28 60 62
21 1 64
97 13 75
82 39 2
28 17 12
28 41 57
81 93 49
100 99 51
52 71 14
13 10 89
87 38 51
49 74 53
50 88 3
78 19 53
53 22 45
97 6 14
70 96 9
23 15 60
59 80 15
32 71 58
59 56 78
30 40 36
96 24 34
26 21 94
58 73 60
18 51 57
21 97 50
77 70 60
87 37 20
24 51 28
48 46 65
34 71 75
86 61 29
94 12 35
20 55 2
78 53 4
14 19 66
77 56 9
58 68 40
68 28 34
46 99 70
43 68 44
93 78 25
89 24 16
25 29 69
11 43 52
75 71 3
61 52 42
21 24 32
12 66 45
88 72 5
4 7 35
36 19 61
92 64 31
87 61 57
96 31 40
74 89 68
85 14 15
51 35 4
49 95 84
13 91 51
71 45 42
32 71 37
53 22 6
26 72 15
17 76 65
23 43 12
78 35 17
58 79 81
80 67 76
95 43 44
2 84 90
98 92 66
2 67 85
1 24 99
28 69 38
52 84 16
35 26 43
26 88 45
3 62 15
38 4 85
33 92 20
76 56 63
11 86 58
78 80 35
76 78 97
5 9 69
44 76 44
74 91 94
48 70 99
62 3 8
44 90 84
1 58 11
66 46 51
19 71 79
94 44 0
78 70 78
78 35 67
35 35 35
3 80 0
25 35 8
21 46 41
99 44 35
15 74 30
15 88 94
68 51 98
84 23 23
19 7 67
6 16 9
32 98 50
100 6 23
84 73 71
57 92 86
85 54 80
97 41 19
33 86 20
88 75 79
68 70 82
94 7 19
61 82 84
82 86 58
49 41 75
33 23 50
3 60 80
1 10 82
60 54 78
29 3 10
15 35 96
98 47 54
74 13 38
16 7 46
95 64 28
72 52 67
76 2 76
30 51 81
69 56 61
50 52 61
73 27 5
71 40 5
83 50 34
54 89 59
47 40 95
13 78 23
18 1 81
95 45 24
23 6 19
72 88 63
7 10 87
31 51 41
88 1 38
60 47 50
55 81 45
48 85 34
25 3 22
20 75 44
29 47 45
97 96 16
65 51 47
20 6 71
70 39 66
98 98 83
30 95 52
18 99 47
1 75 99
2 85 57
63 3 68
16 82 50
21 93 32
23 96 68
75 10 13
13 1 56
13 2 83
83 38 50
44 52 60
53 19 70
70 44 63
73 95 13
29 25 5
81 98 54
46 2 34
84 75 6
60 47 44
37 3 35
88 18 3
21 56 37
55 55 15
9 75 19
81 49 94
94 88 2
38 65 54
65 34 81
21 74 18
61 60 7
86 74 78
51 22 42
80 39 23
46 58 59
54 86 63
54 11 39
80 88 57
27 87 83
58 7 63
5 26 9
35 37 25
45 99 40
5 0 87
30 73 77
84 13 40
67 72 2
67 4 40
7 69 36
2 72 23
38 83 64
55 96 13
54 9 45
87 76 80
24 26 75
15 96 61
75 85 18
76 16 50
61 53 99
74 91 42
11 20 50
96 45 35
72 59 86
59 4 50
57 0 59
85 6 97
77 89 67
65 33 65
76 41 32
49 22 68
11 67 54
64 1 16
61 35 14
2 9 58
57 56 8
92 70 16
37 53 95
41 11 71
83 67 10
55 5 62
81 45 26
92 52 25
98 16 57
79 47 27
49 78 95
16 49 90
91 80 95
38 52 93
26 74 42
90 6 66
90 94 41
54 41 53
52 57 25
29 7 18
41 7 98
84 79 56
52 13 42
90 53 70
7 30 80
4 10 79
85 85 53
53 97 15
52 66 100
27 72 88
52 28 36
14 29 87
40 62 32
81 55 21
46 41 79
47 55 72
36 14 96
83 35 89
78 15 96
42 60 25
84 41 25
42 76 28
87 92 69
20 23 6
68 5 98
22 52 35
57 44 2
2 7 50
19 38 84
25 96 59
28 60 45
39 73 75
38 33 6
60 10 46
44 5 94
79 34 31
86 60 86
27 40 83
20 96 27
69 39 72
71 85 19
71 30 3
68 53 38
28 69 79
96 31 81
71 54 46
100 33 95
87 97 83
4 80 67
65 83 20
47 64 17
28 35 48
38 46 18
89 97 15
14 4 55
94 0 27
77 60 68
97 6 40
39 0 99
5 40 47
25 35 82
67 38 19
95 15 84
47 1 2
100 9 43
61 76 11
97 96 70
85 32 71
65 47 31
36 60 44
33 26 3
25 11 84
13 26 94
70 94 93
77 75 81
73 45 91
29 18 84
79 45 79
76 62 25
94 59 17
76 26 33
87 42 36
57 19 4
52 57 16
98 69 82
80 11 93
57 23 33
41 61 7
36 92 83
13 59 35
59 40 57
51 96 6
18 99 36
60 76 68
43 36 7
89 12 48
22 36 88
84 27 89
8 24 14
41 97 14
62 75 11
25 18 55
57 9 25
74 35 17
86 51 70
41 92 99
71 79 43
65 23 40
14 57 73
98 67 96
10 61 77
27 57 9
53 66 22
57 84 8
63 60 58
47 1 94
34 73 59
56 33 18
66 55 62
61 69 51
36 76 16
80 14 0
38 51 48
36 91 67
1 39 53
81 33 36
62 45 75
32 70 60
17 62 64
93 0 72
8 49 68
66 13 48
1 41 79
81 81 99
61 95 82
15 80 44
64 80 22
98 25 67
25 12 13
51 26 11
26 17 69
69 58 75
88 90 91
70 95 98
66 80 36
99 17 90
39 96 18
77 54 53
9 0 55
47 32 70
5 57 95
88 9 98
81 33 99
32 34 39
13 69 52
28 22 72
26 30 40
37 77 61
79 38 23
99 43 66
19 90 4
25 89 15
0 63 89
9 39 82
0 45 34
91 82 31
28 54 86
5 29 40
35 34 17
8 6 0
26 100 11
67 25 15
79 6 66
38 97 21
62 47 70
97 3 68
45 54 9
48 99 100
34 1 14
5 54 28
37 31 22
88 39 21
33 4 30
80 82 44
44 42 66
30 95 21
67 34 98
56 24 31
11 55 51
100 70 93
15 92 39
61 90 55
11 40 36
87 99 31
64 93 58
93 66 93
40 33 80
92 14 7
78 88 55
4 0 58
4 7 35
57 8 63
52 25 85
59 49 77
21 54 94
100 6 32
55 17 28
19 94 55
79 86 47
35 62 19
85 38 58
100 34 2
50 80 59
16 52 68
30 8 35
75 93 14
1 41 96
4 52 23
99 78 94
33 31 51
34 93 43
71 7 40
50 37 89
1 41 49
100 79 99
49 8 90
50 36 49
40 43 31
19 92 66
56 26 43
55 50 87
55 15 55
74 38 22
19 14 88
54 22 48
95 18 57
93 85 36
23 22 72
69 37 95
73 35 83
95 20 80
91 94 30
45 5 63
40 84 0
77 88 21
51 97 90
3 38 95
18 91 43
11 83 75
97 55 44
84 6 6
17 26 82
54 55 34
15 24 70
23 33 40
79 61 75
7 85 24
58 51 62
44 61 72
78 26 27
6 70 45
58 96 12
15 22 70
22 66 94
32 80 78
61 82 28
60 2 64
83 12 5
26 33 30
41 9 9
44 0 10
30 57 68
8 17 75
14 12 75
1 61 23
66 88 77
48 29 71
11 100 51
74 86 57
9 86 61
77 65 87
75 88 65
59 4 63
85 63 98
22 37 31
76 100 53
50 64 89
22 30 51
70 54 46
82 20 37
6 48 95
2 25 12
72 70 85
7 10 88
67 11 87
8 67 12
23 43 55
53 34 47
12 36 34
47 100 81
35 97 67
20 87 27
78 12 79
45 33 28
63 95 10
90 30 19
1 98 82
19 51 65
62 75 0
67 45 52
64 17 22
53 23 87
71 57 68
77 13 59
76 88 57
96 74 56
68 100 100
56 96 15
34 27 74
7 19 86
22 28 60
60 1 59
12 15 87
13 76 99
66 16 87
76 20 75
28 38 52
96 60 11
49 87 0
99 88 73
59 86 2
28 78 83
35 83 29
43 34 43
60 17 79
3 30 20
15 27 61
10 82 98
51 13 91
57 97 0
77 4 34
19 44 16
45 6 25
7 16 31
38 74 7
67 14 10
75 52 54
68 49 28
24 11 9
36 76 57
37 89 75
35 0 48
43 61 45
43 5 19
86 70 57
67 96 24
87 71 57
23 85 51
86 3 19
58 22 70
81 39 18
8 50 14
35 62 87
55 11 95
8 48 17
58 56 68
4 17 86
34 85 59
78 52 54
42 63 48
89 83 90
81 93 12
20 48 28
32 66 15
34 70 94
53 30 10
21 0 5
64 23 9
44 8 77
55 41 97
7 62 76
2 17 66
15 97 59
45 64 29
39 9 51
65 33 37
8 80 2
24 96 86
58 18 60
90 81 38
34 9 91
40 46 81
6 31 4
38 79 29
38 8 71
27 45 70
1 19 20
75 57 36
39 38 64
73 69 93
93 3 70
30 93 79
71 98 15
64 8 30
22 71 41
47 47 37
18 78 0
64 58 29
5 13 42
26 94 69
89 16 5
47 44 83
22 68 18
42 11 44
49 0 33
9 75 82
14 4 60
72 89 64
52 48 47
58 28 1
49 36 63
89 53 87
53 54 44
32 12 77
25 51 25
23 38 89
66 30 88
59 6 73
37 56 29
4 72 19
41 19 57
17 70 62
43 78 43
21 38 34
11 86 66
37 65 66
6 52 35
23 41 25
10 71 90
80 27 41
7 59 67
13 1 84
46 57 48
70 3 8
53 92 2
25 77 55
29 42 37
72 16 60
17 5 27
24 45 47
92 26 72
1 55 21
80 84 78
54 4 21
87 77 54
51 50 76
51 4 83
13 26 53
21 68 6
99 91 51
75 13 97
41 33 68
42 84 60
92 7 68
100 41 89
0 2 92
47 20 63
23 94 89
60 29 34
97 2 69
60 16 5
50 95 48
25 99 24
21 69 86
69 29 67
62 21 79
48 21 52
33 30 16
87 68 59
78 29 99
10 16 88
19 80 44
20 11 42
32 47 58
46 100 68
81 8 67
77 70 39
93 62 48
12 39 36
41 38 79
97 64 98
79 73 65
66 69 19
33 1 71
56 65 0
29 31 47
86 93 16
67 37 14
99 67 42
69 63 4
47 98 3
95 9 30
27 49 32
74 78 28
71 25 57
3 0 83
14 65 41
36 93 66
19 71 95
74 63 64
88 44 25
30 46 78
83 13 0
12 62 4
60 37 52
58 2 86
83 59 51
99 96 9
17 13 45
32 36 8
93 77 95
94 40 45
42 40 92
75 54 45
10 83 43
12 95 53
35 67 43
83 13 24
87 14 93
87 4 99
63 38 43
25 54 34
85 56 4
63 58 16
100 74 42
60 42 34
16 19 70
97 46 25
72 0 64
91 81 13
85 100 6
56 19 78
56 24 39
93 44 26
82 60 49
82 85 74
97 51 95
28 100 71
15 17 50
86 23 46
0 81 62
54 57 20
4 27 21
98 69 54
69 92 100
66 17 90
31 4 72
24 44 50
43 76 44
58 94 90
55 36 64
97 95 7
10 52 29
0 44 52