1
5 80
1 2 3 4 5
1 2 3 4 5
1 2 3 4 5
1 2 3 4 5
1 2 3 4 5
2
5 60
1 2 3 4 5
1 2 3 4 5
1 2 6 7 8
3 9 10 11 12
3 9 10 11 12
1000 80
41 47 34 40 29
4 18 22 44 5
5 1 27 11 55
2 27 36 51 24
2 33 52 22 21
56 38 35 47 6
11 18 9 52 47
19 55 54 23 51
2 33 44 21 31
53 28 47 44 22
57 19 23 21 49
58 16 35 50 42
48 46 40 2 4
28 26 45 50 9
10 50 6 21 33
8 9 23 24 34
36 20 46 56 11
28 24 39 26 43
17 58 38 42 9
41 33 35 19 18
24 30 57 26 53
6 41 5 44 52
30 9 17 33 57
12 46 30 41 36
35 47 15 34 11
52 50 10 21 4
46 10 27 11 7
57 37 47 33 3
5 29 49 38 41
48 2 46 26 10
33 8 0 11 42
35 10 59 24 17
8 3 55 21 2
50 31 56 14 40
36 21 48 39 4
1 54 53 19 18
38 0 8 7 47
8 13 48 43 47
21 30 17 13 34
29 56 35 51 20
29 19 56 58 3
44 28 24 29 49
2 15 25 33 3
43 27 34 23 8
0 18 56 38 41
29 38 49 37 12
42 58 52 38 59
10 17 38 11 15
28 16 51 2 54
32 15 48 26 22
26 35 53 49 42
24 36 41 18 2
51 1 59 17 36
52 29 35 32 20
50 3 49 41 48
21 9 15 43 22
25 2 28 46 57
57 52 32 29 54
41 29 56 9 28
12 5 55 14 49
1 32 25 0 58
33 59 3 19 16
7 49 37 6 13
35 57 16 26 25
8 22 35 54 1
56 31 26 23 53
55 45 13 12 8
32 5 53 36 1
58 6 22 1 4
36 2 49 1 15
50 13 26 44 59
12 39 33 44 54
50 5 9 46 33
34 2 8 38 7
5 18 11 2 25
17 34 14 24 54
14 12 59 13 50
47 37 18 17 13
50 23 28 32 5
42 20 53 7 2
19 47 45 43 4
43 32 41 21 12
45 53 11 32 22
2 26 44 40 47
20 33 14 50 10
55 53 31 20 56
47 25 10 20 14
55 24 59 25 56
34 38 22 31 26
58 33 31 44 24
59 52 40 27 6
10 17 35 36 47
43 18 24 9 22
46 45 7 57 14
45 7 49 8 43
20 2 22 3 56
17 1 55 5 4
40 22 16 50 46
31 51 47 33 40
30 44 8 43 20
31 2 29 0 13
58 25 47 17 0
18 19 23 40 37
44 57 8 53 7
1 50 0 48 33
24 25 0 31 55
16 12 10 43 25
36 56 6 57 37
57 51 49 21 56
2 37 32 57 36
5 41 3 9 49
5 19 52 36 35
53 42 44 34 54
52 37 29 32 23
27 23 11 55 47
48 55 38 3 2
54 31 1 15 39
5 41 50 6 14
25 43 30 58 19
21 13 14 17 36
13 36 25 2 48
41 0 13 21 55
15 2 11 37 24
38 12 23 36 13
20 13 35 32 38
10 57 52 32 35
29 11 0 28 5
10 57 9 25 33
54 51 40 24 38
35 59 32 45 4
1 3 49 15 28
12 57 29 36 1
7 47 21 29 40
33 14 21 17 55
43 53 52 24 21
52 39 30 28 7
4 55 6 18 10
47 27 24 23 41
43 6 23 10 31
9 0 44 42 59
33 31 44 18 52
30 5 55 39 3
22 38 27 24 28
31 44 53 35 5
32 26 18 29 22
59 5 29 44 45
0 25 8 58 30
1 3 12 52 32
7 10 3 21 23
47 20 29 35 45
28 3 27 48 37
29 3 9 1 28
2 8 20 41 18
14 8 46 30 29
3 10 0 28 7
36 23 35 6 5
18 13 9 4 28
3 59 37 46 24
15 38 26 31 25
15 41 49 16 44
35 24 2 33 56
48 52 26 13 9
4 45 46 52 55
33 5 16 36 41
34 54 36 52 56
58 22 35 15 51
50 21 45 31 57
46 10 30 22 34
33 56 12 28 2
33 54 43 14 23
36 28 24 17 13
49 28 40 20 18
58 50 35 41 24
23 16 3 29 22
21 49 48 22 33
14 0 2 23 51
49 38 39 48 59
31 3 45 1 44
32 45 53 38 9
2 58 17 50 21
54 28 1 59 13
15 9 37 58 0
51 44 57 15 30
39 32 8 2 34
5 10 4 54 40
55 31 1 59 10
38 33 8 37 12
16 9 13 48 41
10 43 3 28 44
58 0 31 25 14
51 53 7 15 8
5 16 29 30 18
9 13 6 20 36
9 27 28 39 4
21 5 6 36 16
6 46 47 21 44
20 46 21 22 4
29 15 22 53 24
1 45 22 43 51
6 28 18 22 47
7 21 52 16 50
54 49 4 36 50
53 56 52 34 25
8 51 32 31 54
59 38 2 4 35
32 9 39 58 23
18 6 19 38 46
16 22 53 38 6
32 17 25 27 58
2 27 18 50 12
20 18 39 52 48
22 0 55 15 2
27 16 37 38 28
51 56 50 9 5
58 49 40 20 27
22 35 12 41 14
18 46 14 6 8
9 58 3 15 35
1 55 15 8 34
30 5 44 57 42
1 44 9 30 3
30 53 5 50 57
16 37 18 33 54
24 31 29 55 45
17 44 43 10 48
28 21 5 32 13
32 34 36 6 16
12 9 0 14 39
43 31 21 9 19
45 25 16 10 55
29 24 46 33 54
9 0 15 33 49
21 32 28 58 51
48 46 10 42 54
19 10 32 42 11
15 4 34 44 22
55 20 54 12 1
22 47 37 9 45
15 54 30 23 34
21 52 32 39 48
32 42 27 48 35
48 3 59 34 44
26 59 58 5 46
6 40 27 52 7
32 16 14 27 41
43 2 51 36 23
8 3 42 58 16
40 31 22 36 50
45 4 6 57 9
3 34 17 48 31
36 43 28 47 26
31 17 32 43 47
8 25 28 45 58
57 43 13 1 30
48 11 10 9 32
14 29 21 45 47
13 53 34 32 30
1 2 17 30 42
24 1 30 3 17
43 19 35 9 47
42 50 18 6 7
50 8 11 38 13
20 43 46 42 30
32 48 14 21 18
23 47 25 18 21
17 10 54 58 18
21 23 56 47 58
49 55 5 35 26
6 33 20 10 8
48 32 13 20 46
55 10 19 17 52
2 8 12 29 44
14 8 12 7 32
55 8 24 17 23
49 55 21 9 20
12 48 43 51 54
13 11 20 54 30
17 59 20 18 31
24 40 47 59 25
23 18 52 13 51
0 54 40 57 25
49 40 25 51 12
10 49 38 39 11
37 13 33 0 17
26 16 50 42 18
59 18 29 39 24
12 0 8 7 57
23 10 27 36 14
42 11 59 21 16
50 23 3 36 12
12 41 34 33 42
16 40 35 44 19
36 0 18 32 47
4 40 37 26 30
1 42 49 43 18
45 41 55 36 16
18 38 19 37 30
27 29 21 55 38
16 33 19 24 25
33 48 52 23 49
14 28 15 31 33
42 28 11 6 44
6 17 57 49 36
54 11 49 52 46
33 31 35 9 37
0 12 56 31 7
26 22 35 23 54
0 17 5 53 21
38 18 40 51 27
45 50 35 49 30
29 33 5 14 2
7 12 16 47 22
22 10 1 31 27
45 59 21 58 31
7 28 46 16 19
9 2 6 26 35
48 34 0 33 17
28 23 1 51 42
35 37 26 52 41
16 1 41 35 47
4 18 15 36 34
39 38 14 13 22
15 23 28 53 32
7 0 6 58 30
41 1 39 35 23
16 13 1 25 53
14 50 53 41 27
59 50 43 5 32
9 21 12 36 1
27 10 51 45 32
32 29 20 5 11
58 13 46 28 51
46 36 17 0 54
49 28 44 29 58
17 55 6 24 48
26 8 37 38 30
19 25 26 59 0
10 31 33 55 25
18 40 11 7 47
4 26 47 40 7
54 31 12 8 13
25 37 51 24 17
46 28 42 33 20
2 17 38 28 35
29 27 1 13 24
7 21 33 57 22
47 5 13 24 15
25 41 4 1 12
6 56 43 33 20
0 48 51 33 28
11 36 19 28 0
31 33 19 23 13
36 55 5 54 40
15 0 36 35 25
51 28 59 36 22
12 45 0 55 22
25 2 20 36 57
2 8 0 16 58
53 0 26 14 17
0 55 32 47 35
26 1 8 55 16
25 49 52 16 55
42 23 22 21 32
8 38 17 54 10
30 35 39 49 55
23 20 19 5 11
1 41 52 53 33
49 27 22 33 43
20 34 18 4 43
29 12 24 50 5
47 34 7 26 36
23 0 59 50 8
50 51 5 1 30
23 9 15 58 59
26 2 35 27 16
53 48 35 39 33
30 2 5 21 25
47 27 29 14 31
17 38 5 37 58
18 24 52 43 28
44 1 23 50 41
47 37 52 31 23
21 43 41 25 45
10 15 1 22 12
51 35 15 33 38
39 22 48 54 42
7 5 18 24 30
19 54 4 3 25
38 4 1 50 33
23 14 30 6 7
45 25 36 50 29
38 3 55 57 49
30 4 48 37 54
0 12 33 15 14
21 36 6 24 55
2 19 21 12 24
59 39 43 27 56
5 58 17 28 19
57 51 36 55 40
1 33 12 36 20
55 27 4 54 19
30 16 41 51 49
30 54 32 51 9
7 50 59 13 53
23 1 43 5 56
59 15 19 8 18
23 59 55 21 53
46 2 18 48 41
39 38 11 3 54
23 29 2 7 42
1 7 6 51 37
53 0 16 10 22
55 26 30 17 42
40 9 5 14 23
22 35 6 40 38
48 11 45 47 25
47 49 42 43 7
22 37 39 3 6
3 48 51 10 56
38 47 56 45 11
22 59 55 56 31
55 4 51 43 28
15 10 19 32 51
43 53 35 42 49
0 14 18 45 37
13 53 50 23 10
13 42 31 51 30
38 41 27 12 58
59 42 43 30 28
42 35 15 8 1
2 54 59 28 18
22 37 1 47 29
25 0 53 24 30
21 5 33 24 42
3 22 29 54 49
52 34 9 10 24
44 29 18 5 23
52 33 50 31 27
11 49 58 23 52
59 33 23 2 8
3 34 10 42 40
11 12 20 57 16
56 38 0 35 28
38 19 15 57 3
42 2 40 30 33
41 26 28 17 37
32 18 47 49 5
9 32 59 1 23
30 8 31 9 52
30 32 4 47 55
48 41 10 30 17
51 36 39 3 40
33 37 13 10 54
33 42 43 1 10
42 47 57 11 3
10 37 40 23 46
23 21 39 5 46
11 5 41 40 49
57 43 30 58 21
55 41 27 31 39
24 19 38 20 50
1 58 25 40 48
39 42 58 40 38
35 41 14 7 13
36 21 6 38 50
18 56 15 17 51
20 52 18 13 35
25 6 1 34 39
13 8 33 12 53
33 17 3 30 11
14 8 47 58 29
8 39 7 49 31
9 35 38 56 59
23 3 51 34 1
54 25 27 16 53
24 46 53 8 23
24 12 47 28 9
10 31 14 27 43
44 39 34 55 26
58 9 18 29 47
40 38 4 35 26
9 43 6 12 0
30 36 15 21 46
11 49 27 43 25
50 26 15 41 48
2 37 22 24 25
32 52 45 28 46
9 58 23 25 0
5 18 1 55 0
27 53 54 11 55
16 14 1 37 10
34 30 16 51 40
15 45 2 25 58
13 32 17 18 5
22 37 52 39 27
26 23 51 55 59
58 9 5 34 39
25 52 15 22 32
33 20 18 17 2
28 3 57 5 34
21 18 22 9 36
58 59 18 1 46
43 57 35 4 1
40 41 2 42 28
15 24 16 17 27
13 44 4 19 41
38 43 28 57 59
37 1 11 4 3
15 32 49 1 35
35 56 17 39 40
12 53 1 9 28
7 38 24 4 34
13 25 38 50 22
49 44 29 58 23
25 0 44 33 5
52 45 7 47 57
44 30 54 31 21
25 14 50 22 58
6 38 21 4 37
16 14 29 48 27
13 28 6 42 38
0 19 38 10 44
19 36 8 12 58
54 47 39 0 27
34 8 1 58 22
42 1 44 26 36
29 13 8 21 53
46 44 45 2 40
21 0 23 38 47
53 43 31 54 15
56 1 52 31 19
51 18 50 24 47
27 4 31 1 29
58 21 50 33 52
35 0 13 12 22
36 43 53 26 51
35 48 52 21 9
43 29 7 52 51
13 12 10 19 32
7 54 25 0 43
42 49 47 38 40
11 14 7 54 3
49 9 46 7 56
52 30 59 26 2
23 0 33 45 31
59 6 7 9 42
57 25 56 8 12
34 46 13 40 39
11 18 27 36 38
14 0 33 7 29
36 2 42 27 43
40 47 53 10 57
3 56 54 6 17
14 40 11 32 24
14 26 53 4 15
40 32 51 36 19
23 57 9 1 45
52 34 24 41 3
44 46 8 28 37
50 23 44 54 26
37 1 58 31 32
11 52 3 41 21
30 58 29 11 0
19 57 37 54 35
1 56 27 8 13
9 53 41 43 49
36 23 47 45 22
10 57 1 27 30
6 27 31 57 45
4 58 11 7 15
32 11 17 25 53
31 0 30 55 20
50 57 18 26 4
49 11 44 48 30
58 39 19 47 29
39 59 36 0 53
58 10 53 26 29
34 32 0 54 53
26 29 31 48 59
41 21 8 46 33
45 50 9 41 0
48 42 22 46 38
39 37 27 58 9
3 20 55 6 33
9 17 37 34 13
15 18 13 23 33
26 31 20 54 37
14 52 37 11 55
37 32 52 17 50
13 36 50 49 48
49 46 4 0 22
9 0 33 52 22
54 47 5 13 51
13 33 44 43 15
2 41 6 29 28
48 44 11 34 35
47 53 40 2 7
37 57 0 2 40
20 18 56 34 15
50 11 55 57 23
42 47 9 31 11
54 0 13 53 21
25 8 3 40 55
11 30 12 15 51
20 54 40 6 34
28 39 25 16 52
2 32 11 47 44
37 28 36 10 50
2 41 33 39 52
24 51 15 44 30
26 38 1 3 43
21 20 15 58 59
43 28 29 8 54
33 19 29 6 59
37 57 42 15 12
43 52 48 23 53
48 35 57 8 11
13 45 21 22 30
48 16 45 25 23
9 15 33 5 44
18 45 0 53 25
20 48 54 13 25
48 41 32 56 30
12 42 21 6 15
40 11 7 57 3
48 33 35 11 43
22 11 19 14 52
53 50 1 14 58
26 31 43 8 47
19 24 4 13 15
24 14 42 47 45
46 29 20 57 50
39 38 36 37 3
22 0 31 5 23
55 16 35 4 6
48 21 35 38 5
53 3 52 18 37
36 59 26 54 46
43 22 11 20 55
18 27 10 30 33
7 53 34 36 52
30 21 6 5 13
24 49 55 23 54
13 27 47 20 59
21 5 54 0 20
47 41 32 33 17
37 3 43 13 19
31 45 28 58 8
30 32 44 34 43
53 36 47 46 41
4 38 51 6 25
19 36 28 7 31
39 11 46 17 53
7 41 52 27 39
44 17 1 28 42
24 28 8 1 36
42 40 4 18 25
39 4 54 19 9
34 55 23 52 51
37 54 23 31 19
50 57 23 58 4
12 46 9 28 17
57 4 8 47 13
2 51 9 53 57
54 24 4 3 35
51 33 32 18 10
19 10 33 34 49
34 14 13 9 58
45 33 58 51 52
43 28 9 48 5
51 0 26 11 8
1 18 17 47 2
58 2 23 6 46
49 56 45 51 23
38 50 57 16 31
26 10 13 11 20
4 23 1 25 58
29 45 34 47 44
44 36 37 47 15
22 6 28 58 39
51 9 18 50 55
30 32 29 56 10
12 22 49 52 36
37 33 56 50 25
12 11 37 21 15
13 12 36 56 8
11 25 18 56 39
24 36 46 2 58
48 21 26 8 17
28 19 7 9 20
45 48 22 46 39
57 51 27 45 11
26 44 54 29 9
56 41 45 25 20
57 35 30 37 29
5 26 48 15 3
37 50 47 35 42
53 0 34 49 28
15 8 50 40 19
57 47 54 4 17
45 19 12 33 32
22 23 51 49 37
53 40 4 43 37
28 30 8 1 12
17 44 39 1 49
23 36 12 20 27
12 10 0 15 43
55 37 17 14 54
13 33 18 6 4
34 15 49 52 44
24 12 22 35 13
42 53 44 40 13
17 2 10 37 57
46 11 57 25 16
37 59 30 38 25
27 4 52 5 56
35 48 38 2 28
35 22 37 46 47
13 5 26 9 4
54 5 59 46 29
12 59 55 16 21
27 18 53 52 56
9 1 30 34 55
46 43 26 24 36
17 16 13 29 11
44 37 25 40 10
25 5 18 48 46
9 8 21 45 56
40 56 50 24 7
48 36 24 20 23
24 31 20 10 44
23 46 1 30 45
6 28 36 27 46
37 58 39 14 55
51 50 12 18 16
37 30 7 27 14
46 2 22 19 6
15 6 34 30 26
59 16 22 39 21
32 36 44 37 50
38 12 4 1 40
20 43 16 1 7
59 8 50 52 19
38 59 7 24 37
15 13 49 51 22
19 36 41 21 54
9 58 56 29 37
4 58 2 5 38
32 25 36 21 39
23 47 31 53 2
20 36 48 19 9
53 19 31 51 3
44 38 12 4 39
41 34 53 19 54
49 55 22 1 16
17 32 25 31 18
50 27 55 47 44
42 59 21 48 44
54 48 1 52 28
54 36 37 53 1
45 18 55 54 52
6 16 24 41 44
20 54 56 7 5
38 31 21 25 51
31 19 0 57 36
23 44 24 5 17
2 46 35 6 52
29 46 45 3 12
41 46 53 4 29
50 25 46 5 56
55 13 43 12 56
56 30 16 52 50
55 52 10 35 16
21 40 24 29 14
50 2 6 16 24
50 17 22 46 16
28 5 21 30 2
1 33 38 14 15
0 58 27 20 25
23 45 36 53 10
12 29 19 23 17
49 33 59 13 40
32 25 1 51 58
43 13 27 34 36
17 51 49 44 6
31 2 18 22 15
47 17 58 24 22
50 46 45 40 25
6 40 57 2 4
34 44 10 15 40
6 42 36 13 51
47 55 45 54 48
19 59 28 41 32
37 57 9 12 11
58 22 39 17 19
39 40 0 56 4
52 55 13 45 41
59 47 8 4 49
41 19 48 47 39
26 29 15 6 24
7 14 4 28 6
25 21 14 49 48
18 27 33 44 25
17 37 55 21 3
33 57 19 36 55
13 34 30 52 44
59 8 30 14 32
16 1 55 26 31
20 55 54 58 37
50 58 1 27 22
18 50 11 1 39
41 50 53 32 3
2 22 48 1 58
7 25 26 2 46
34 57 4 23 7
40 5 24 43 57
33 48 50 15 26
58 12 16 18 1
22 36 6 2 4
23 30 32 35 31
30 55 28 0 1
23 18 52 8 4
5 7 2 23 18
59 51 36 12 32
21 43 8 55 56
36 58 39 23 25
17 46 9 35 27
20 30 42 15 49
33 0 13 37 6
41 45 42 39 5
53 35 55 43 26
16 8 45 52 41
20 22 36 8 59
16 32 5 18 58
56 46 11 47 1
42 45 4 39 52
37 30 20 34 39
40 38 51 20 30
11 7 13 55 16
19 15 50 36 56
52 3 46 27 35
22 35 26 36 37
58 26 4 5 45
8 0 40 54 34
12 38 6 45 30
29 19 33 38 57
21 45 51 49 59
8 5 2 33 41
10 47 53 28 35
49 46 29 23 11
21 59 31 52 54
46 8 50 28 59
55 10 4 36 18
26 27 53 23 31
47 33 1 13 34
22 27 37 23 33
26 15 55 53 6
10 39 25 56 53
43 52 59 39 6
53 25 45 51 24
7 51 27 19 16
15 32 52 53 37
50 59 37 26 9
45 6 39 19 53
35 8 21 28 9
36 11 18 34 55
3 14 56 24 31
45 22 31 37 55
14 58 23 18 15
42 3 51 43 12
0 50 8 25 2
58 38 57 21 0
48 16 33 32 52
22 7 40 38 14
27 34 3 4 24
34 46 30 45 35
23 27 32 11 59
0 38 48 28 40
19 51 46 47 48
6 5 19 58 40
15 54 16 27 56
14 0 31 8 38
34 49 4 56 10
29 32 39 1 42
4 3 19 29 7
37 26 56 27 49
43 19 14 35 44
36 29 58 56 38
32 6 17 35 8
16 28 42 54 53
15 16 36 2 44
9 22 4 12 29
56 26 2 55 16
5 32 39 35 17
44 14 3 19 42
1 13 33 57 0
35 14 45 41 2
8 35 46 20 11
8 9 12 17 53
8 14 22 36 17
36 3 30 52 49
33 39 22 42 2
9 54 14 18 34
6 23 54 52 48
13 23 27 18 33
17 55 39 1 44
19 41 7 36 32
5 52 28 16 31
55 29 56 12 18
49 20 16 44 40
46 26 43 25 34
31 8 58 24 44
57 13 2 24 23
32 25 31 2 24
9 35 30 6 8
35 24 1 49 59
2 3 32 59 41
7 25 50 49 19
48 59 40 11 58
20 36 8 44 25
45 10 18 56 40
35 4 26 12 59
33 22 5 56 47
12 38 25 44 58
59 52 48 36 58
38 18 25 39 49
24 2 49 9 58
27 58 43 21 10
46 26 3 24 0
28 3 27 56 6
30 5 52 20 17
13 6 48 37 19
4 28 40 38 25
47 52 14 32 9
42 10 51 15 50
31 24 10 40 45
7 34 57 25 2
48 13 55 39 57
28 9 6 30 20
1 19 6 0 31
54 33 24 17 19
36 49 10 37 5
45 54 49 14 32
10 59 37 33 13
37 57 20 25 33
51 22 36 54 32
34 36 30 13 45
52 47 1 21 44
39 46 5 18 47
48 14 10 52 59
40 55 18 32 16
22 9 56 59 18
23 19 55 17 30
31 22 20 17 46
35 46 3 32 58
55 25 48 58 40
41 9 24 45 26
57 37 41 38 13
56 13 53 8 33
55 29 36 41 21
59 4 3 51 29
2 26 10 27 0
29 43 28 27 23
40 58 6 18 23
40 6 38 5 23
9 38 16 10 15
16 3 28 59 6
30 55 9 19 1
37 25 34 18 31
21 57 40 32 15
56 38 58 40 25
13 4 33 27 45
26 50 16 41 30
9 28 17 39 35
33 57 11 51 17
13 31 16 29 4
2 27 0 28 16
34 19 57 20 41
3 41 51 29 39
59 15 19 23 45
26 21 4 23 9
35 4 55 5 50
23 37 12 44 33
20 15 28 50 43
10 36 25 54 40
18 58 24 8 51
7 57 28 10 19
20 10 50 32 4
15 44 2 31 6
28 4 6 56 26
12 28 58 25 32
7 6 39 32 11
16 10 17 46 30
10 5 25 8 54
34 23 9 16 43
36 18 54 41 21
15 35 54 42 59
22 44 20 15 17
16 20 44 24 17
55 45 29 51 28